  2 AT  0.193E+00  0.862E-01  0.597E-01  0.133E-02  0.125E+02  0.867E+01  1.47
  3 TS  0.210E-01  0.795E+00  0.551E+00  0.150E-02  0.111E+02  0.772E+01  2.56
  4 ST  0.100E-01  0.167E+01  0.116E+01  0.113E-02  0.148E+02  0.102E+02  2.59
  5 TK  0.862E-02  0.193E+01  0.134E+01  0.116E-02  0.143E+02  0.994E+01  2.70
  6 KK  0.731E-02  0.228E+01  0.158E+01  0.121E-02  0.138E+02  0.954E+01  2.83
  7 KL  0.266E-02  0.627E+01  0.435E+01  0.100E-02  0.166E+02  0.115E+02  3.10
  8 LH  0.211E-01  0.791E+00  0.548E+00  0.148E-02  0.112E+02  0.780E+01  2.55
  9 HK  0.332E-01  0.501E+00  0.348E+00  0.154E-02  0.108E+02  0.752E+01  2.37
 10 KE  0.435E-02  0.383E+01  0.265E+01  0.101E-02  0.165E+02  0.114E+02  2.84
 11 EP
 12 PA  0.393E-02  0.424E+01  0.294E+01  0.142E-02  0.117E+02  0.811E+01  3.32
 13 AT  0.540E-02  0.309E+01  0.214E+01  0.117E-02  0.143E+02  0.990E+01  2.94
 14 TL  0.304E-02  0.549E+01  0.381E+01  0.977E-03  0.171E+02  0.118E+02  2.97
 15 LI  0.139E-02  0.119E+02  0.828E+01  0.877E-03  0.190E+02  0.132E+02  3.25
 16 IK  0.369E-02  0.452E+01  0.313E+01  0.977E-03  0.171E+02  0.118E+02  2.86
 17 KA  0.796E-02  0.210E+01  0.145E+01  0.165E-02  0.101E+02  0.698E+01  3.09
 18 AI  0.178E-02  0.934E+01  0.647E+01  0.930E-03  0.179E+02  0.124E+02  3.21
 19 ID  0.649E-02  0.257E+01  0.178E+01  0.126E-02  0.132E+02  0.914E+01  2.94
 20 DG  0.190E-01  0.877E+00  0.608E+00  0.267E-02  0.623E+01  0.432E+01  3.02
 21 GD  0.152E-01  0.110E+01  0.761E+00  0.277E-02  0.601E+01  0.417E+01  3.14
 22 DT  0.909E-02  0.183E+01  0.127E+01  0.144E-02  0.116E+02  0.805E+01  2.90
 23 TV  0.249E-02  0.670E+01  0.464E+01  0.917E-03  0.182E+02  0.126E+02  2.94
 24 VK  0.436E-02  0.382E+01  0.265E+01  0.109E-02  0.153E+02  0.106E+02  2.96
 25 KL  0.266E-02  0.627E+01  0.435E+01  0.100E-02  0.166E+02  0.115E+02  3.10
 26 LM  0.405E-02  0.412E+01  0.285E+01  0.111E-02  0.150E+02  0.104E+02  3.02
 27 MY  0.454E-02  0.367E+01  0.255E+01  0.117E-02  0.142E+02  0.986E+01  3.03
 28 YK  0.633E-02  0.263E+01  0.182E+01  0.114E-02  0.146E+02  0.101E+02  2.83
 29 KG  0.141E-01  0.118E+01  0.818E+00  0.171E-02  0.977E+01  0.677E+01  2.85
 30 GQ  0.100E-01  0.166E+01  0.115E+01  0.182E-02  0.915E+01  0.634E+01  3.06
 31 QP
 32 PM  0.383E-02  0.435E+01  0.302E+01  0.108E-02  0.155E+02  0.107E+02  3.01
 33 MT  0.673E-02  0.248E+01  0.172E+01  0.110E-02  0.152E+02  0.105E+02  2.74
 34 TF  0.573E-02  0.291E+01  0.202E+01  0.110E-02  0.152E+02  0.105E+02  2.82
 35 FR  0.827E-02  0.202E+01  0.140E+01  0.116E-02  0.144E+02  0.997E+01  2.72
 36 RL  0.314E-02  0.530E+01  0.367E+01  0.102E-02  0.163E+02  0.113E+02  3.03
 37 LL  0.166E-02  0.101E+02  0.697E+01  0.960E-03  0.174E+02  0.120E+02  3.34
 38 LL  0.166E-02  0.101E+02  0.697E+01  0.960E-03  0.174E+02  0.120E+02  3.34
 39 LV  0.144E-02  0.116E+02  0.801E+01  0.905E-03  0.184E+02  0.128E+02  3.32
 40 VD  0.781E-02  0.213E+01  0.148E+01  0.154E-02  0.108E+02  0.751E+01  3.04
 41 DT  0.909E-02  0.183E+01  0.127E+01  0.144E-02  0.116E+02  0.805E+01  2.90
 42 TP
 43 PE  0.233E-02  0.714E+01  0.495E+01  0.948E-03  0.176E+02  0.122E+02  3.07
 44 EF  0.394E-02  0.423E+01  0.293E+01  0.130E-02  0.128E+02  0.888E+01  3.23
 45 FN  0.200E-01  0.831E+00  0.576E+00  0.140E-02  0.119E+02  0.824E+01  2.52
 46 NE  0.645E-02  0.258E+01  0.179E+01  0.114E-02  0.146E+02  0.101E+02  2.82
 47 EK  0.578E-02  0.288E+01  0.200E+01  0.141E-02  0.118E+02  0.820E+01  3.11
 48 KY  0.462E-02  0.361E+01  0.250E+01  0.117E-02  0.142E+02  0.986E+01  3.02
 49 YG  0.121E-01  0.137E+01  0.952E+00  0.156E-02  0.107E+02  0.742E+01  2.84
 50 GP
 51 PE  0.233E-02  0.714E+01  0.495E+01  0.948E-03  0.176E+02  0.122E+02  3.07
 52 EA  0.632E-02  0.264E+01  0.183E+01  0.205E-02  0.814E+01  0.564E+01  3.37
 53 AS  0.135E-01  0.123E+01  0.854E+00  0.176E-02  0.946E+01  0.656E+01  2.89
 54 SA  0.116E-01  0.143E+01  0.994E+00  0.174E-02  0.958E+01  0.664E+01  2.95
 55 AF  0.391E-02  0.426E+01  0.296E+01  0.122E-02  0.137E+02  0.950E+01  3.16
 56 FT  0.608E-02  0.274E+01  0.190E+01  0.103E-02  0.162E+02  0.112E+02  2.69
 57 TK  0.862E-02  0.193E+01  0.134E+01  0.116E-02  0.143E+02  0.994E+01  2.70
 58 KK  0.731E-02  0.228E+01  0.158E+01  0.121E-02  0.138E+02  0.954E+01  2.83
 59 KM  0.777E-02  0.214E+01  0.149E+01  0.119E-02  0.140E+02  0.974E+01  2.78
 60 MV  0.217E-02  0.769E+01  0.533E+01  0.935E-03  0.178E+02  0.123E+02  3.08
 61 VE  0.274E-02  0.609E+01  0.422E+01  0.946E-03  0.176E+02  0.122E+02  2.96
 62 EN  0.177E-01  0.941E+00  0.652E+00  0.192E-02  0.868E+01  0.601E+01  2.83
 63 NA  0.122E-01  0.137E+01  0.950E+00  0.211E-02  0.790E+01  0.548E+01  3.07
 64 AK  0.574E-02  0.291E+01  0.201E+01  0.131E-02  0.127E+02  0.884E+01  3.04
 65 KK  0.731E-02  0.228E+01  0.158E+01  0.121E-02  0.138E+02  0.954E+01  2.83
 66 KI  0.210E-02  0.792E+01  0.549E+01  0.901E-03  0.185E+02  0.128E+02  3.00
 67 IE  0.237E-02  0.704E+01  0.488E+01  0.883E-03  0.189E+02  0.131E+02  2.86
 68 EV  0.187E-02  0.890E+01  0.617E+01  0.101E-02  0.165E+02  0.114E+02  3.35
 69 VE  0.274E-02  0.609E+01  0.422E+01  0.946E-03  0.176E+02  0.122E+02  2.96
 70 EF  0.394E-02  0.423E+01  0.293E+01  0.130E-02  0.128E+02  0.888E+01  3.23
 71 FD  0.119E-01  0.140E+01  0.969E+00  0.160E-02  0.104E+02  0.721E+01  2.87
 72 DK  0.970E-02  0.172E+01  0.119E+01  0.167E-02  0.999E+01  0.692E+01  3.00
 73 KG  0.141E-01  0.118E+01  0.818E+00  0.171E-02  0.977E+01  0.677E+01  2.85
 74 GQ  0.100E-01  0.166E+01  0.115E+01  0.182E-02  0.915E+01  0.634E+01  3.06
 75 QR  0.111E-01  0.150E+01  0.104E+01  0.132E-02  0.126E+02  0.875E+01  2.73
 76 RT  0.844E-02  0.197E+01  0.137E+01  0.112E-02  0.148E+02  0.103E+02  2.67
 77 TD  0.162E-01  0.103E+01  0.715E+00  0.170E-02  0.978E+01  0.678E+01  2.78
 78 DK  0.970E-02  0.172E+01  0.119E+01  0.167E-02  0.999E+01  0.692E+01  3.00
 79 KY  0.462E-02  0.361E+01  0.250E+01  0.117E-02  0.142E+02  0.986E+01  3.02
 80 YG  0.121E-01  0.137E+01  0.952E+00  0.156E-02  0.107E+02  0.742E+01  2.84
 81 GR  0.104E-01  0.159E+01  0.111E+01  0.171E-02  0.977E+01  0.677E+01  2.99
 82 RG  0.176E-01  0.949E+00  0.658E+00  0.179E-02  0.933E+01  0.647E+01  2.78
 83 GL  0.290E-02  0.574E+01  0.398E+01  0.122E-02  0.137E+02  0.950E+01  3.33
 84 LA  0.416E-02  0.401E+01  0.278E+01  0.150E-02  0.111E+02  0.772E+01  3.34
 85 AY  0.370E-02  0.450E+01  0.312E+01  0.126E-02  0.132E+02  0.917E+01  3.23
 86 YI  0.190E-02  0.875E+01  0.607E+01  0.879E-03  0.190E+02  0.131E+02  3.00
 87 IY  0.249E-02  0.669E+01  0.464E+01  0.958E-03  0.174E+02  0.121E+02  3.05
 88 YA  0.688E-02  0.242E+01  0.168E+01  0.151E-02  0.110E+02  0.763E+01  3.09
 89 AD  0.105E-01  0.159E+01  0.110E+01  0.205E-02  0.814E+01  0.564E+01  3.12
 90 DG  0.190E-01  0.877E+00  0.608E+00  0.267E-02  0.623E+01  0.432E+01  3.02
 91 GK  0.812E-02  0.205E+01  0.142E+01  0.161E-02  0.103E+02  0.716E+01  3.06
 92 KM  0.777E-02  0.214E+01  0.149E+01  0.119E-02  0.140E+02  0.974E+01  2.78
 93 MV  0.217E-02  0.769E+01  0.533E+01  0.935E-03  0.178E+02  0.123E+02  3.08
 94 VN  0.129E-01  0.129E+01  0.893E+00  0.135E-02  0.123E+02  0.854E+01  2.68
 95 NE  0.645E-02  0.258E+01  0.179E+01  0.114E-02  0.146E+02  0.101E+02  2.82
 96 EA  0.632E-02  0.264E+01  0.183E+01  0.205E-02  0.814E+01  0.564E+01  3.37
 97 AL  0.221E-02  0.754E+01  0.523E+01  0.105E-02  0.158E+02  0.110E+02  3.30
 98 LV  0.144E-02  0.116E+02  0.801E+01  0.905E-03  0.184E+02  0.128E+02  3.32
 99 VR  0.550E-02  0.303E+01  0.210E+01  0.113E-02  0.148E+02  0.102E+02  2.88
100 RQ  0.111E-01  0.150E+01  0.104E+01  0.137E-02  0.122E+02  0.845E+01  2.76
101 QG  0.168E-01  0.991E+00  0.687E+00  0.182E-02  0.915E+01  0.634E+01  2.82
102 GL  0.290E-02  0.574E+01  0.398E+01  0.122E-02  0.137E+02  0.950E+01  3.33
103 LA  0.416E-02  0.401E+01  0.278E+01  0.150E-02  0.111E+02  0.772E+01  3.34
104 AK  0.574E-02  0.291E+01  0.201E+01  0.131E-02  0.127E+02  0.884E+01  3.04
105 KV  0.220E-02  0.758E+01  0.525E+01  0.935E-03  0.178E+02  0.123E+02  3.07
106 VA  0.473E-02  0.352E+01  0.244E+01  0.142E-02  0.118E+02  0.815E+01  3.22
107 AY  0.370E-02  0.450E+01  0.312E+01  0.126E-02  0.132E+02  0.917E+01  3.23
108 YV  0.199E-02  0.839E+01  0.582E+01  0.909E-03  0.183E+02  0.127E+02  3.07
109 VY  0.289E-02  0.577E+01  0.400E+01  0.106E-02  0.157E+02  0.109E+02  3.15
110 YK  0.633E-02  0.263E+01  0.182E+01  0.114E-02  0.146E+02  0.101E+02  2.83
111 KG  0.141E-01  0.118E+01  0.818E+00  0.171E-02  0.977E+01  0.677E+01  2.85
112 GN  0.256E-01  0.651E+00  0.451E+00  0.229E-02  0.727E+01  0.504E+01  2.79
113 NN  0.359E-01  0.465E+00  0.322E+00  0.198E-02  0.843E+01  0.584E+01  2.54
114 NT  0.104E-01  0.160E+01  0.111E+01  0.127E-02  0.132E+02  0.913E+01  2.71
115 TH  0.529E-01  0.315E+00  0.218E+00  0.154E-02  0.108E+02  0.749E+01  2.17
116 HE  0.186E-01  0.897E+00  0.622E+00  0.119E-02  0.140E+02  0.970E+01  2.38
117 EQ  0.708E-02  0.235E+01  0.163E+01  0.157E-02  0.106E+02  0.738E+01  3.10
118 QL  0.304E-02  0.548E+01  0.380E+01  0.103E-02  0.162E+02  0.112E+02  3.07
119 LL  0.166E-02  0.101E+02  0.697E+01  0.960E-03  0.174E+02  0.120E+02  3.34
120 LR  0.480E-02  0.347E+01  0.240E+01  0.117E-02  0.142E+02  0.986E+01  3.00
121 RK  0.900E-02  0.185E+01  0.128E+01  0.125E-02  0.133E+02  0.925E+01  2.77
122 KA  0.796E-02  0.210E+01  0.145E+01  0.165E-02  0.101E+02  0.698E+01  3.09
123 AE  0.349E-02  0.477E+01  0.331E+01  0.107E-02  0.156E+02  0.108E+02  3.04
124 EA  0.632E-02  0.264E+01  0.183E+01  0.205E-02  0.814E+01  0.564E+01  3.37
125 AQ  0.702E-02  0.237E+01  0.165E+01  0.144E-02  0.116E+02  0.802E+01  3.03
126 QA  0.940E-02  0.177E+01  0.123E+01  0.176E-02  0.946E+01  0.656E+01  3.06
127 AK  0.574E-02  0.291E+01  0.201E+01  0.131E-02  0.127E+02  0.884E+01  3.04
128 KK  0.731E-02  0.228E+01  0.158E+01  0.121E-02  0.138E+02  0.954E+01  2.83
129 KE  0.435E-02  0.383E+01  0.265E+01  0.101E-02  0.165E+02  0.114E+02  2.84
130 EK  0.578E-02  0.288E+01  0.200E+01  0.141E-02  0.118E+02  0.820E+01  3.11
131 KL  0.266E-02  0.627E+01  0.435E+01  0.100E-02  0.166E+02  0.115E+02  3.10
132 LN  0.111E-01  0.150E+01  0.104E+01  0.142E-02  0.117E+02  0.811E+01  2.80
133 NI  0.288E-02  0.578E+01  0.400E+01  0.970E-03  0.172E+02  0.119E+02  2.98
134 IW  0.202E-02  0.827E+01  0.573E+01  0.932E-03  0.179E+02  0.124E+02  3.12
135 WS  0.107E-01  0.156E+01  0.108E+01  0.130E-02  0.129E+02  0.892E+01  2.73
136 SE  0.619E-02  0.269E+01  0.187E+01  0.104E-02  0.161E+02  0.112E+02  2.70
137 ED  0.106E-01  0.157E+01  0.109E+01  0.229E-02  0.729E+01  0.505E+01  3.19
138 DN  0.310E-01  0.538E+00  0.373E+00  0.239E-02  0.697E+01  0.483E+01  2.73
139 NA  0.122E-01  0.137E+01  0.950E+00  0.211E-02  0.790E+01  0.548E+01  3.07
140 AD  0.105E-01  0.159E+01  0.110E+01  0.205E-02  0.814E+01  0.564E+01  3.12
141 DS  0.237E-01  0.704E+00  0.488E+00  0.243E-02  0.686E+01  0.476E+01  2.86
142 SG  0.210E-01  0.795E+00  0.551E+00  0.180E-02  0.927E+01  0.643E+01  2.71
143 GQ  0.129E-02  0.129E+02  0.895E+01  0.126E-02  0.132E+02  0.915E+01  4.16