  2 AT  0.766E+00  0.218E-01  0.151E-01  0.133E-02  0.125E+02  0.867E+01  1.47
  3 TS  0.811E-01  0.205E+00  0.142E+00  0.150E-02  0.111E+02  0.772E+01  2.56
  4 ST  0.375E-01  0.445E+00  0.308E+00  0.113E-02  0.148E+02  0.102E+02  2.59
  5 TK  0.320E-01  0.520E+00  0.361E+00  0.116E-02  0.143E+02  0.994E+01  2.70
  6 KK  0.268E-01  0.623E+00  0.432E+00  0.121E-02  0.138E+02  0.954E+01  2.83
  7 KL  0.827E-02  0.202E+01  0.140E+01  0.100E-02  0.166E+02  0.115E+02  3.10
  8 LH  0.730E-01  0.228E+00  0.158E+00  0.144E-02  0.116E+02  0.801E+01  2.57
  9 HK  0.119E+00  0.140E+00  0.968E-01  0.150E-02  0.111E+02  0.768E+01  2.39
 10 KE  0.110E-01  0.151E+01  0.105E+01  0.961E-03  0.173E+02  0.120E+02  2.88
 11 EP
 12 PA  0.132E-01  0.126E+01  0.874E+00  0.142E-02  0.117E+02  0.811E+01  3.32
 13 AT  0.192E-01  0.869E+00  0.602E+00  0.117E-02  0.143E+02  0.990E+01  2.94
 14 TL  0.978E-02  0.170E+01  0.118E+01  0.977E-03  0.171E+02  0.118E+02  2.97
 15 LI  0.325E-02  0.513E+01  0.355E+01  0.877E-03  0.190E+02  0.132E+02  3.25
 16 IK  0.124E-01  0.135E+01  0.933E+00  0.977E-03  0.171E+02  0.118E+02  2.86
 17 KA  0.293E-01  0.569E+00  0.395E+00  0.165E-02  0.101E+02  0.698E+01  3.09
 18 AI  0.480E-02  0.348E+01  0.241E+01  0.930E-03  0.179E+02  0.124E+02  3.21
 19 ID  0.118E-01  0.141E+01  0.978E+00  0.144E-02  0.116E+02  0.804E+01  3.38
 20 DG  0.418E-01  0.399E+00  0.277E+00  0.262E-02  0.636E+01  0.441E+01  3.25
 21 GD  0.286E-01  0.584E+00  0.405E+00  0.346E-02  0.481E+01  0.334E+01  3.59
 22 DT  0.195E-01  0.855E+00  0.593E+00  0.142E-02  0.118E+02  0.816E+01  3.14
 23 TV  0.761E-02  0.219E+01  0.152E+01  0.917E-03  0.182E+02  0.126E+02  2.94
 24 VK  0.151E-01  0.111E+01  0.767E+00  0.109E-02  0.153E+02  0.106E+02  2.96
 25 KL  0.827E-02  0.202E+01  0.140E+01  0.100E-02  0.166E+02  0.115E+02  3.10
 26 LM  0.138E-01  0.121E+01  0.837E+00  0.111E-02  0.150E+02  0.104E+02  3.02
 27 MY  0.157E-01  0.106E+01  0.734E+00  0.117E-02  0.142E+02  0.986E+01  3.03
 28 YK  0.229E-01  0.728E+00  0.505E+00  0.114E-02  0.146E+02  0.101E+02  2.83
 29 KG  0.539E-01  0.309E+00  0.214E+00  0.171E-02  0.977E+01  0.677E+01  2.85
 30 GQ  0.375E-01  0.444E+00  0.308E+00  0.182E-02  0.915E+01  0.634E+01  3.06
 31 QP
 32 PM  0.129E-01  0.129E+01  0.893E+00  0.108E-02  0.155E+02  0.107E+02  3.01
 33 MT  0.245E-01  0.681E+00  0.472E+00  0.110E-02  0.152E+02  0.105E+02  2.74
 34 TF  0.205E-01  0.813E+00  0.564E+00  0.110E-02  0.152E+02  0.105E+02  2.82
 35 FR  0.306E-01  0.544E+00  0.377E+00  0.116E-02  0.144E+02  0.997E+01  2.72
 36 RL  0.102E-01  0.163E+01  0.113E+01  0.102E-02  0.163E+02  0.113E+02  3.03
 37 LL  0.428E-02  0.390E+01  0.270E+01  0.960E-03  0.174E+02  0.120E+02  3.34
 38 LL  0.428E-02  0.390E+01  0.270E+01  0.960E-03  0.174E+02  0.120E+02  3.34
 39 LV  0.343E-02  0.486E+01  0.337E+01  0.905E-03  0.184E+02  0.128E+02  3.32
 40 VD  0.144E-01  0.116E+01  0.804E+00  0.180E-02  0.924E+01  0.641E+01  3.48
 41 DT  0.195E-01  0.855E+00  0.593E+00  0.142E-02  0.118E+02  0.816E+01  3.14
 42 TP
 43 PE  0.525E-02  0.317E+01  0.220E+01  0.911E-03  0.183E+02  0.127E+02  3.11
 44 EF  0.106E-01  0.157E+01  0.109E+01  0.131E-02  0.128E+02  0.885E+01  3.34
 45 FN  0.775E-01  0.215E+00  0.149E+00  0.140E-02  0.119E+02  0.824E+01  2.52
 46 NE  0.171E-01  0.978E+00  0.678E+00  0.106E-02  0.157E+02  0.109E+02  2.86
 47 EK  0.164E-01  0.102E+01  0.704E+00  0.141E-02  0.118E+02  0.817E+01  3.22
 48 KY  0.161E-01  0.104E+01  0.718E+00  0.117E-02  0.142E+02  0.986E+01  3.02
 49 YG  0.460E-01  0.363E+00  0.251E+00  0.156E-02  0.107E+02  0.742E+01  2.84
 50 GP
 51 PE  0.525E-02  0.317E+01  0.220E+01  0.911E-03  0.183E+02  0.127E+02  3.11
 52 EA  0.179E-01  0.929E+00  0.644E+00  0.206E-02  0.810E+01  0.561E+01  3.48
 53 AS  0.515E-01  0.324E+00  0.224E+00  0.176E-02  0.946E+01  0.656E+01  2.89
 54 SA  0.439E-01  0.379E+00  0.263E+00  0.174E-02  0.958E+01  0.664E+01  2.95
 55 AF  0.132E-01  0.126E+01  0.874E+00  0.122E-02  0.137E+02  0.950E+01  3.16
 56 FT  0.219E-01  0.761E+00  0.527E+00  0.103E-02  0.162E+02  0.112E+02  2.69
 57 TK  0.320E-01  0.520E+00  0.361E+00  0.116E-02  0.143E+02  0.994E+01  2.70
 58 KK  0.268E-01  0.623E+00  0.432E+00  0.121E-02  0.138E+02  0.954E+01  2.83
 59 KM  0.286E-01  0.582E+00  0.404E+00  0.119E-02  0.140E+02  0.974E+01  2.78
 60 MV  0.633E-02  0.263E+01  0.183E+01  0.935E-03  0.178E+02  0.123E+02  3.08
 61 VE  0.641E-02  0.260E+01  0.180E+01  0.909E-03  0.183E+02  0.127E+02  3.00
 62 EN  0.537E-01  0.310E+00  0.215E+00  0.193E-02  0.863E+01  0.598E+01  2.94
 63 NA  0.460E-01  0.363E+00  0.251E+00  0.211E-02  0.790E+01  0.548E+01  3.07
 64 AK  0.205E-01  0.813E+00  0.564E+00  0.131E-02  0.127E+02  0.884E+01  3.04
 65 KK  0.268E-01  0.623E+00  0.432E+00  0.121E-02  0.138E+02  0.954E+01  2.83
 66 KI  0.608E-02  0.274E+01  0.190E+01  0.901E-03  0.185E+02  0.128E+02  3.00
 67 IE  0.536E-02  0.311E+01  0.216E+01  0.859E-03  0.194E+02  0.135E+02  2.90
 68 EV  0.419E-02  0.398E+01  0.276E+01  0.101E-02  0.165E+02  0.114E+02  3.46
 69 VE  0.641E-02  0.260E+01  0.180E+01  0.909E-03  0.183E+02  0.127E+02  3.00
 70 EF  0.106E-01  0.157E+01  0.109E+01  0.131E-02  0.128E+02  0.885E+01  3.34
 71 FD  0.223E-01  0.747E+00  0.518E+00  0.189E-02  0.882E+01  0.611E+01  3.32
 72 DK  0.208E-01  0.800E+00  0.554E+00  0.164E-02  0.101E+02  0.703E+01  3.24
 73 KG  0.539E-01  0.309E+00  0.214E+00  0.171E-02  0.977E+01  0.677E+01  2.85
 74 GQ  0.375E-01  0.444E+00  0.308E+00  0.182E-02  0.915E+01  0.634E+01  3.06
 75 QR  0.420E-01  0.397E+00  0.275E+00  0.132E-02  0.126E+02  0.875E+01  2.73
 76 RT  0.313E-01  0.532E+00  0.369E+00  0.112E-02  0.148E+02  0.103E+02  2.67
 77 TD  0.305E-01  0.547E+00  0.379E+00  0.203E-02  0.822E+01  0.570E+01  3.23
 78 DK  0.208E-01  0.800E+00  0.554E+00  0.164E-02  0.101E+02  0.703E+01  3.24
 79 KY  0.161E-01  0.104E+01  0.718E+00  0.117E-02  0.142E+02  0.986E+01  3.02
 80 YG  0.460E-01  0.363E+00  0.251E+00  0.156E-02  0.107E+02  0.742E+01  2.84
 81 GR  0.392E-01  0.425E+00  0.294E+00  0.171E-02  0.977E+01  0.677E+01  2.99
 82 RG  0.676E-01  0.247E+00  0.171E+00  0.179E-02  0.933E+01  0.647E+01  2.78
 83 GL  0.919E-02  0.181E+01  0.126E+01  0.122E-02  0.137E+02  0.950E+01  3.33
 84 LA  0.141E-01  0.118E+01  0.819E+00  0.150E-02  0.111E+02  0.772E+01  3.34
 85 AY  0.124E-01  0.135E+01  0.933E+00  0.126E-02  0.132E+02  0.917E+01  3.23
 86 YI  0.529E-02  0.315E+01  0.219E+01  0.879E-03  0.190E+02  0.131E+02  3.00
 87 IY  0.761E-02  0.219E+01  0.152E+01  0.958E-03  0.174E+02  0.121E+02  3.05
 88 YA  0.250E-01  0.666E+00  0.461E+00  0.151E-02  0.110E+02  0.763E+01  3.09
 89 AD  0.195E-01  0.853E+00  0.591E+00  0.249E-02  0.670E+01  0.464E+01  3.56
 90 DG  0.418E-01  0.399E+00  0.277E+00  0.262E-02  0.636E+01  0.441E+01  3.25
 91 GK  0.299E-01  0.557E+00  0.386E+00  0.161E-02  0.103E+02  0.716E+01  3.06
 92 KM  0.286E-01  0.582E+00  0.404E+00  0.119E-02  0.140E+02  0.974E+01  2.78
 93 MV  0.633E-02  0.263E+01  0.183E+01  0.935E-03  0.178E+02  0.123E+02  3.08
 94 VN  0.492E-01  0.339E+00  0.235E+00  0.135E-02  0.123E+02  0.854E+01  2.68
 95 NE  0.171E-01  0.978E+00  0.678E+00  0.106E-02  0.157E+02  0.109E+02  2.86
 96 EA  0.179E-01  0.929E+00  0.644E+00  0.206E-02  0.810E+01  0.561E+01  3.48
 97 AL  0.646E-02  0.258E+01  0.179E+01  0.105E-02  0.158E+02  0.110E+02  3.30
 98 LV  0.343E-02  0.486E+01  0.337E+01  0.905E-03  0.184E+02  0.128E+02  3.32
 99 VR  0.196E-01  0.850E+00  0.589E+00  0.113E-02  0.148E+02  0.102E+02  2.88
100 RQ  0.420E-01  0.397E+00  0.275E+00  0.137E-02  0.122E+02  0.845E+01  2.76
101 QG  0.646E-01  0.258E+00  0.179E+00  0.182E-02  0.915E+01  0.634E+01  2.82
102 GL  0.919E-02  0.181E+01  0.126E+01  0.122E-02  0.137E+02  0.950E+01  3.33
103 LA  0.141E-01  0.118E+01  0.819E+00  0.150E-02  0.111E+02  0.772E+01  3.34
104 AK  0.205E-01  0.813E+00  0.564E+00  0.131E-02  0.127E+02  0.884E+01  3.04
105 KV  0.646E-02  0.258E+01  0.179E+01  0.935E-03  0.178E+02  0.123E+02  3.07
106 VA  0.164E-01  0.101E+01  0.703E+00  0.142E-02  0.118E+02  0.815E+01  3.22
107 AY  0.124E-01  0.135E+01  0.933E+00  0.126E-02  0.132E+02  0.917E+01  3.23
108 YV  0.561E-02  0.297E+01  0.206E+01  0.909E-03  0.183E+02  0.127E+02  3.07
109 VY  0.918E-02  0.182E+01  0.126E+01  0.106E-02  0.157E+02  0.109E+02  3.15
110 YK  0.229E-01  0.728E+00  0.505E+00  0.114E-02  0.146E+02  0.101E+02  2.83
111 KG  0.539E-01  0.309E+00  0.214E+00  0.171E-02  0.977E+01  0.677E+01  2.85
112 GN  0.996E-01  0.167E+00  0.116E+00  0.229E-02  0.727E+01  0.504E+01  2.79
113 NN  0.140E+00  0.119E+00  0.823E-01  0.198E-02  0.843E+01  0.584E+01  2.54
114 NT  0.392E-01  0.425E+00  0.295E+00  0.127E-02  0.132E+02  0.913E+01  2.71
115 TH  0.186E+00  0.894E-01  0.620E-01  0.150E-02  0.111E+02  0.771E+01  2.20
116 HE  0.476E-01  0.350E+00  0.242E+00  0.109E-02  0.153E+02  0.106E+02  2.44
117 EQ  0.205E-01  0.815E+00  0.565E+00  0.157E-02  0.106E+02  0.735E+01  3.21
118 QL  0.978E-02  0.170E+01  0.118E+01  0.103E-02  0.162E+02  0.112E+02  3.07
119 LL  0.428E-02  0.390E+01  0.270E+01  0.960E-03  0.174E+02  0.120E+02  3.34
120 LR  0.168E-01  0.992E+00  0.688E+00  0.117E-02  0.142E+02  0.986E+01  3.00
121 RK  0.335E-01  0.497E+00  0.345E+00  0.125E-02  0.133E+02  0.925E+01  2.77
122 KA  0.293E-01  0.569E+00  0.395E+00  0.165E-02  0.101E+02  0.698E+01  3.09
123 AE  0.856E-02  0.195E+01  0.135E+01  0.100E-02  0.166E+02  0.115E+02  3.08
124 EA  0.179E-01  0.929E+00  0.644E+00  0.206E-02  0.810E+01  0.561E+01  3.48
125 AQ  0.256E-01  0.651E+00  0.451E+00  0.144E-02  0.116E+02  0.802E+01  3.03
126 QA  0.350E-01  0.476E+00  0.330E+00  0.176E-02  0.946E+01  0.656E+01  3.06
127 AK  0.205E-01  0.813E+00  0.564E+00  0.131E-02  0.127E+02  0.884E+01  3.04
128 KK  0.268E-01  0.623E+00  0.432E+00  0.121E-02  0.138E+02  0.954E+01  2.83
129 KE  0.110E-01  0.151E+01  0.105E+01  0.961E-03  0.173E+02  0.120E+02  2.88
130 EK  0.164E-01  0.102E+01  0.704E+00  0.141E-02  0.118E+02  0.817E+01  3.22
131 KL  0.827E-02  0.202E+01  0.140E+01  0.100E-02  0.166E+02  0.115E+02  3.10
132 LN  0.420E-01  0.397E+00  0.275E+00  0.142E-02  0.117E+02  0.811E+01  2.80
133 NI  0.918E-02  0.182E+01  0.126E+01  0.970E-03  0.172E+02  0.119E+02  2.98
134 IW  0.572E-02  0.291E+01  0.202E+01  0.932E-03  0.179E+02  0.124E+02  3.12
135 WS  0.401E-01  0.415E+00  0.288E+00  0.130E-02  0.129E+02  0.892E+01  2.73
136 SE  0.163E-01  0.102E+01  0.708E+00  0.980E-03  0.170E+02  0.118E+02  2.74
137 ED  0.157E-01  0.106E+01  0.736E+00  0.283E-02  0.589E+01  0.409E+01  3.74
138 DN  0.688E-01  0.242E+00  0.168E+00  0.234E-02  0.711E+01  0.493E+01  2.96
139 NA  0.460E-01  0.363E+00  0.251E+00  0.211E-02  0.790E+01  0.548E+01  3.07
140 AD  0.195E-01  0.853E+00  0.591E+00  0.249E-02  0.670E+01  0.464E+01  3.56
141 DS  0.523E-01  0.318E+00  0.221E+00  0.238E-02  0.700E+01  0.485E+01  3.09
142 SG  0.811E-01  0.205E+00  0.142E+00  0.180E-02  0.927E+01  0.643E+01  2.71
143 GQ  0.158E-02  0.106E+02  0.731E+01  0.119E-02  0.140E+02  0.968E+01  4.35