  2 AT  0.815E+02  0.205E-03  0.142E-03  0.131E-02  0.127E+02  0.880E+01  1.62
  3 TS  0.127E+02  0.131E-02  0.907E-03  0.150E-02  0.111E+02  0.772E+01  2.56
  4 ST  0.582E+01  0.286E-02  0.198E-02  0.113E-02  0.148E+02  0.102E+02  2.59
  5 TK  0.496E+01  0.336E-02  0.233E-02  0.116E-02  0.143E+02  0.994E+01  2.70
  6 KK  0.412E+01  0.404E-02  0.280E-02  0.121E-02  0.138E+02  0.954E+01  2.83
  7 KL  0.119E+01  0.140E-01  0.971E-02  0.100E-02  0.166E+02  0.115E+02  3.10
  8 LH  0.196E+01  0.852E-02  0.591E-02  0.105E-02  0.159E+02  0.110E+02  2.95
  9 HK  0.485E+01  0.344E-02  0.238E-02  0.114E-02  0.146E+02  0.101E+02  2.69
 10 KE  0.140E+01  0.119E-01  0.826E-02  0.941E-03  0.177E+02  0.123E+02  2.90
 11 EP
 12 PA  0.197E+01  0.845E-02  0.585E-02  0.142E-02  0.117E+02  0.811E+01  3.32
 13 AT  0.292E+01  0.571E-02  0.396E-02  0.117E-02  0.143E+02  0.990E+01  2.94
 14 TL  0.143E+01  0.117E-01  0.808E-02  0.977E-03  0.171E+02  0.118E+02  2.97
 15 LI  0.394E+00  0.423E-01  0.293E-01  0.877E-03  0.190E+02  0.132E+02  3.25
 16 IK  0.184E+01  0.905E-02  0.627E-02  0.977E-03  0.171E+02  0.118E+02  2.86
 17 KA  0.452E+01  0.369E-02  0.256E-02  0.165E-02  0.101E+02  0.698E+01  3.09
 18 AI  0.639E+00  0.261E-01  0.181E-01  0.930E-03  0.179E+02  0.124E+02  3.21
 19 ID  0.102E+01  0.164E-01  0.114E-01  0.160E-02  0.104E+02  0.721E+01  3.71
 20 DG  0.423E+01  0.394E-02  0.273E-02  0.258E-02  0.646E+01  0.448E+01  3.43
 21 GD  0.255E+01  0.653E-02  0.452E-02  0.413E-02  0.403E+01  0.279E+01  3.92
 22 DT  0.194E+01  0.861E-02  0.597E-02  0.140E-02  0.119E+02  0.824E+01  3.32
 23 TV  0.108E+01  0.154E-01  0.107E-01  0.917E-03  0.182E+02  0.126E+02  2.94
 24 VK  0.227E+01  0.736E-02  0.510E-02  0.109E-02  0.153E+02  0.106E+02  2.96
 25 KL  0.119E+01  0.140E-01  0.971E-02  0.100E-02  0.166E+02  0.115E+02  3.10
 26 LM  0.207E+01  0.807E-02  0.559E-02  0.111E-02  0.150E+02  0.104E+02  3.02
 27 MY  0.237E+01  0.703E-02  0.487E-02  0.117E-02  0.142E+02  0.986E+01  3.03
 28 YK  0.351E+01  0.475E-02  0.329E-02  0.114E-02  0.146E+02  0.101E+02  2.83
 29 KG  0.841E+01  0.198E-02  0.137E-02  0.171E-02  0.977E+01  0.677E+01  2.85
 30 GQ  0.582E+01  0.286E-02  0.198E-02  0.182E-02  0.915E+01  0.634E+01  3.06
 31 QP
 32 PM  0.193E+01  0.864E-02  0.599E-02  0.108E-02  0.155E+02  0.107E+02  3.01
 33 MT  0.376E+01  0.443E-02  0.307E-02  0.110E-02  0.152E+02  0.105E+02  2.74
 34 TF  0.313E+01  0.533E-02  0.369E-02  0.110E-02  0.152E+02  0.105E+02  2.82
 35 FR  0.473E+01  0.352E-02  0.244E-02  0.116E-02  0.144E+02  0.997E+01  2.72
 36 RL  0.150E+01  0.111E-01  0.772E-02  0.102E-02  0.163E+02  0.113E+02  3.03
 37 LL  0.557E+00  0.299E-01  0.208E-01  0.960E-03  0.174E+02  0.120E+02  3.34
 38 LL  0.557E+00  0.299E-01  0.208E-01  0.960E-03  0.174E+02  0.120E+02  3.34
 39 LV  0.422E+00  0.395E-01  0.273E-01  0.905E-03  0.184E+02  0.128E+02  3.32
 40 VD  0.125E+01  0.133E-01  0.924E-02  0.206E-02  0.808E+01  0.560E+01  3.81
 41 DT  0.194E+01  0.861E-02  0.597E-02  0.140E-02  0.119E+02  0.824E+01  3.32
 42 TP
 43 PE  0.611E+00  0.273E-01  0.189E-01  0.896E-03  0.186E+02  0.129E+02  3.13
 44 EF  0.140E+01  0.119E-01  0.826E-02  0.131E-02  0.127E+02  0.884E+01  3.39
 45 FN  0.122E+02  0.137E-02  0.950E-03  0.140E-02  0.119E+02  0.824E+01  2.52
 46 NE  0.222E+01  0.752E-02  0.521E-02  0.103E-02  0.162E+02  0.112E+02  2.88
 47 EK  0.222E+01  0.752E-02  0.521E-02  0.142E-02  0.118E+02  0.815E+01  3.27
 48 KY  0.243E+01  0.687E-02  0.476E-02  0.117E-02  0.142E+02  0.986E+01  3.02
 49 YG  0.716E+01  0.233E-02  0.161E-02  0.156E-02  0.107E+02  0.742E+01  2.84
 50 GP
 51 PE  0.611E+00  0.273E-01  0.189E-01  0.896E-03  0.186E+02  0.129E+02  3.13
 52 EA  0.243E+01  0.686E-02  0.476E-02  0.206E-02  0.807E+01  0.560E+01  3.53
 53 AS  0.804E+01  0.207E-02  0.144E-02  0.176E-02  0.946E+01  0.656E+01  2.89
 54 SA  0.684E+01  0.244E-02  0.169E-02  0.174E-02  0.958E+01  0.664E+01  2.95
 55 AF  0.197E+01  0.845E-02  0.585E-02  0.122E-02  0.137E+02  0.950E+01  3.16
 56 FT  0.335E+01  0.497E-02  0.345E-02  0.103E-02  0.162E+02  0.112E+02  2.69
 57 TK  0.496E+01  0.336E-02  0.233E-02  0.116E-02  0.143E+02  0.994E+01  2.70
 58 KK  0.412E+01  0.404E-02  0.280E-02  0.121E-02  0.138E+02  0.954E+01  2.83
 59 KM  0.442E+01  0.377E-02  0.262E-02  0.119E-02  0.140E+02  0.974E+01  2.78
 60 MV  0.882E+00  0.189E-01  0.131E-01  0.935E-03  0.178E+02  0.123E+02  3.08
 61 VE  0.769E+00  0.217E-01  0.150E-01  0.895E-03  0.186E+02  0.129E+02  3.02
 62 EN  0.751E+01  0.222E-02  0.154E-02  0.194E-02  0.861E+01  0.597E+01  2.99
 63 NA  0.716E+01  0.233E-02  0.161E-02  0.211E-02  0.790E+01  0.548E+01  3.07
 64 AK  0.313E+01  0.533E-02  0.369E-02  0.131E-02  0.127E+02  0.884E+01  3.04
 65 KK  0.412E+01  0.404E-02  0.280E-02  0.121E-02  0.138E+02  0.954E+01  2.83
 66 KI  0.842E+00  0.198E-01  0.137E-01  0.901E-03  0.185E+02  0.128E+02  3.00
 67 IE  0.625E+00  0.267E-01  0.185E-01  0.849E-03  0.196E+02  0.136E+02  2.92
 68 EV  0.485E+00  0.343E-01  0.238E-01  0.101E-02  0.164E+02  0.114E+02  3.51
 69 VE  0.769E+00  0.217E-01  0.150E-01  0.895E-03  0.186E+02  0.129E+02  3.02
 70 EF  0.140E+01  0.119E-01  0.826E-02  0.131E-02  0.127E+02  0.884E+01  3.39
 71 FD  0.198E+01  0.841E-02  0.583E-02  0.217E-02  0.768E+01  0.532E+01  3.65
 72 DK  0.207E+01  0.804E-02  0.557E-02  0.162E-02  0.103E+02  0.711E+01  3.42
 73 KG  0.841E+01  0.198E-02  0.137E-02  0.171E-02  0.977E+01  0.677E+01  2.85
 74 GQ  0.582E+01  0.286E-02  0.198E-02  0.182E-02  0.915E+01  0.634E+01  3.06
 75 QR  0.653E+01  0.255E-02  0.177E-02  0.132E-02  0.126E+02  0.875E+01  2.73
 76 RT  0.484E+01  0.344E-02  0.239E-02  0.112E-02  0.148E+02  0.103E+02  2.67
 77 TD  0.274E+01  0.609E-02  0.422E-02  0.234E-02  0.712E+01  0.493E+01  3.56
 78 DK  0.207E+01  0.804E-02  0.557E-02  0.162E-02  0.103E+02  0.711E+01  3.42
 79 KY  0.243E+01  0.687E-02  0.476E-02  0.117E-02  0.142E+02  0.986E+01  3.02
 80 YG  0.716E+01  0.233E-02  0.161E-02  0.156E-02  0.107E+02  0.742E+01  2.84
 81 GR  0.610E+01  0.273E-02  0.190E-02  0.171E-02  0.977E+01  0.677E+01  2.99
 82 RG  0.106E+02  0.157E-02  0.109E-02  0.179E-02  0.933E+01  0.647E+01  2.78
 83 GL  0.133E+01  0.125E-01  0.866E-02  0.122E-02  0.137E+02  0.950E+01  3.33
 84 LA  0.211E+01  0.788E-02  0.546E-02  0.150E-02  0.111E+02  0.772E+01  3.34
 85 AY  0.184E+01  0.905E-02  0.627E-02  0.126E-02  0.132E+02  0.917E+01  3.23
 86 YI  0.717E+00  0.232E-01  0.161E-01  0.879E-03  0.190E+02  0.131E+02  3.00
 87 IY  0.108E+01  0.154E-01  0.107E-01  0.958E-03  0.174E+02  0.121E+02  3.05
 88 YA  0.385E+01  0.433E-02  0.300E-02  0.151E-02  0.110E+02  0.763E+01  3.09
 89 AD  0.173E+01  0.965E-02  0.669E-02  0.292E-02  0.572E+01  0.396E+01  3.89
 90 DG  0.423E+01  0.394E-02  0.273E-02  0.258E-02  0.646E+01  0.448E+01  3.43
 91 GK  0.462E+01  0.360E-02  0.250E-02  0.161E-02  0.103E+02  0.716E+01  3.06
 92 KM  0.442E+01  0.377E-02  0.262E-02  0.119E-02  0.140E+02  0.974E+01  2.78
 93 MV  0.882E+00  0.189E-01  0.131E-01  0.935E-03  0.178E+02  0.123E+02  3.08
 94 VN  0.767E+01  0.217E-02  0.151E-02  0.135E-02  0.123E+02  0.854E+01  2.68
 95 NE  0.222E+01  0.752E-02  0.521E-02  0.103E-02  0.162E+02  0.112E+02  2.88
 96 EA  0.243E+01  0.686E-02  0.476E-02  0.206E-02  0.807E+01  0.560E+01  3.53
 97 AL  0.902E+00  0.185E-01  0.128E-01  0.105E-02  0.158E+02  0.110E+02  3.30
 98 LV  0.422E+00  0.395E-01  0.273E-01  0.905E-03  0.184E+02  0.128E+02  3.32
 99 VR  0.299E+01  0.558E-02  0.387E-02  0.113E-02  0.148E+02  0.102E+02  2.88
100 RQ  0.653E+01  0.255E-02  0.177E-02  0.137E-02  0.122E+02  0.845E+01  2.76
101 QG  0.101E+02  0.165E-02  0.114E-02  0.182E-02  0.915E+01  0.634E+01  2.82
102 GL  0.133E+01  0.125E-01  0.866E-02  0.122E-02  0.137E+02  0.950E+01  3.33
103 LA  0.211E+01  0.788E-02  0.546E-02  0.150E-02  0.111E+02  0.772E+01  3.34
104 AK  0.313E+01  0.533E-02  0.369E-02  0.131E-02  0.127E+02  0.884E+01  3.04
105 KV  0.902E+00  0.185E-01  0.128E-01  0.935E-03  0.178E+02  0.123E+02  3.07
106 VA  0.248E+01  0.671E-02  0.465E-02  0.142E-02  0.118E+02  0.815E+01  3.22
107 AY  0.184E+01  0.905E-02  0.627E-02  0.126E-02  0.132E+02  0.917E+01  3.23
108 YV  0.768E+00  0.217E-01  0.150E-01  0.909E-03  0.183E+02  0.127E+02  3.07
109 VY  0.133E+01  0.125E-01  0.866E-02  0.106E-02  0.157E+02  0.109E+02  3.15
110 YK  0.351E+01  0.475E-02  0.329E-02  0.114E-02  0.146E+02  0.101E+02  2.83
111 KG  0.841E+01  0.198E-02  0.137E-02  0.171E-02  0.977E+01  0.677E+01  2.85
112 GN  0.157E+02  0.106E-02  0.737E-03  0.229E-02  0.727E+01  0.504E+01  2.79
113 NN  0.221E+02  0.753E-03  0.522E-03  0.198E-02  0.843E+01  0.584E+01  2.54
114 NT  0.610E+01  0.273E-02  0.190E-02  0.127E-02  0.132E+02  0.913E+01  2.71
115 TH  0.503E+01  0.332E-02  0.230E-02  0.107E-02  0.156E+02  0.108E+02  2.58
116 HE  0.165E+01  0.101E-01  0.702E-02  0.914E-03  0.182E+02  0.126E+02  2.75
117 EQ  0.279E+01  0.598E-02  0.414E-02  0.158E-02  0.106E+02  0.733E+01  3.26
118 QL  0.143E+01  0.117E-01  0.808E-02  0.103E-02  0.162E+02  0.112E+02  3.07
119 LL  0.557E+00  0.299E-01  0.208E-01  0.960E-03  0.174E+02  0.120E+02  3.34
120 LR  0.254E+01  0.656E-02  0.455E-02  0.117E-02  0.142E+02  0.986E+01  3.00
121 RK  0.519E+01  0.321E-02  0.223E-02  0.125E-02  0.133E+02  0.925E+01  2.77
122 KA  0.452E+01  0.369E-02  0.256E-02  0.165E-02  0.101E+02  0.698E+01  3.09
123 AE  0.106E+01  0.157E-01  0.109E-01  0.979E-03  0.170E+02  0.118E+02  3.10
124 EA  0.243E+01  0.686E-02  0.476E-02  0.206E-02  0.807E+01  0.560E+01  3.53
125 AQ  0.394E+01  0.423E-02  0.293E-02  0.144E-02  0.116E+02  0.802E+01  3.03
126 QA  0.543E+01  0.307E-02  0.213E-02  0.176E-02  0.946E+01  0.656E+01  3.06
127 AK  0.313E+01  0.533E-02  0.369E-02  0.131E-02  0.127E+02  0.884E+01  3.04
128 KK  0.412E+01  0.404E-02  0.280E-02  0.121E-02  0.138E+02  0.954E+01  2.83
129 KE  0.140E+01  0.119E-01  0.826E-02  0.941E-03  0.177E+02  0.123E+02  2.90
130 EK  0.222E+01  0.752E-02  0.521E-02  0.142E-02  0.118E+02  0.815E+01  3.27
131 KL  0.119E+01  0.140E-01  0.971E-02  0.100E-02  0.166E+02  0.115E+02  3.10
132 LN  0.653E+01  0.255E-02  0.177E-02  0.142E-02  0.117E+02  0.811E+01  2.80
133 NI  0.133E+01  0.125E-01  0.866E-02  0.970E-03  0.172E+02  0.119E+02  2.98
134 IW  0.786E+00  0.212E-01  0.147E-01  0.932E-03  0.179E+02  0.124E+02  3.12
135 WS  0.624E+01  0.267E-02  0.185E-02  0.130E-02  0.129E+02  0.892E+01  2.73
136 SE  0.212E+01  0.787E-02  0.546E-02  0.958E-03  0.174E+02  0.121E+02  2.76
137 ED  0.122E+01  0.136E-01  0.944E-02  0.335E-02  0.497E+01  0.345E+01  4.12
138 DN  0.702E+01  0.237E-02  0.164E-02  0.231E-02  0.722E+01  0.500E+01  3.14
139 NA  0.716E+01  0.233E-02  0.161E-02  0.211E-02  0.790E+01  0.548E+01  3.07
140 AD  0.173E+01  0.965E-02  0.669E-02  0.292E-02  0.572E+01  0.396E+01  3.89
141 DS  0.533E+01  0.313E-02  0.217E-02  0.235E-02  0.711E+01  0.493E+01  3.27
142 SG  0.127E+02  0.131E-02  0.907E-03  0.180E-02  0.927E+01  0.643E+01  2.71
143 GQ  0.932E-01  0.179E+00  0.124E+00  0.117E-02  0.143E+02  0.989E+01  4.44