      Assignment         w1         w2   Data Height 

         THR4N-HN    116.805      8.295    123419208 
         LYS5N-HN    124.031      8.335    271064576 
         LYS6N-HN    122.795      8.253    151381568 
         LEU7N-HN    122.107      8.413    244902080 
         HIS8N-HN    118.729      8.862     37643784 
         LYS9N-HN    124.032      8.427    167770016 
        GLU10N-HN    123.191      9.488     47881948 
        ALA12N-HN    119.430      7.897     41451728 
        THR13N-HN    109.791      8.187    177653184 
        LEU14N-HN    125.873      9.165     43383000 
        ILE15N-HN    124.911      8.734     20454996 
        LYS16N-HN    115.085      8.023     21252332 
        ALA17N-HN    130.281      9.534     23950582 
        ILE18N-HN    124.322      8.152    191251392 
        ASP19N-HN    119.727      8.217     29044400 
        GLY20N-HN    103.810      8.510     18206724 
        ASP21N-HN    111.187      7.741     11961437 
        THR22N-HN    114.789      7.602     26907680 
        VAL23N-HN    121.159      8.952     25605860 
        LYS24N-HN    128.221      9.473     21789724 
        LYS25N-HN    126.206      9.577     28542056 
        MET26N-HN    120.680      9.415     27712658 
        TYR27N-HN    128.490      9.137     25318604 
        GLY29N-HN    102.469      8.480     32513892 
        GLN30N-HN    118.955      7.782     67479392 
        MET32N-HN    125.687      9.695     26494630 
        THR33N-HN    123.758      8.962     24129868 
        PHE34N-HN    125.338      9.418     21198976 
        ARG35N-HN    122.783      9.492     35977476 
        LEU36N-HN    123.286      8.423     42464008 
        LEU37N-HN    124.414      7.753     26606104 
        LEU38N-HN    112.586      8.300     51205292 
        VAL39N-HN    108.762      7.006     55022312 
        ASP40N-HN    122.725      8.917     29604112 
        THR41N-HN    118.752      8.509     30188786 
        GLU43N-HN    122.138      8.781     32886086 
        PHE50N-HN    120.242      8.907     50596368 
        ASN51N-HN    110.268      7.887     41430944 
        LYS53N-HN    124.758      8.544    141305696 
        TYR54N-HN    116.223      8.633     79179888 
        GLY55N-HN    109.511      8.683     57918392 
        GLU57N-HN    120.698      9.063     41336940 
        ALA58N-HN    124.845      8.991     48521880 
        SER59N-HN    111.450      8.169     34058040 
        ALA60N-HN    122.236      8.465     82434624 
        PHE61N-HN    121.592      8.214    108512504 
        THR62N-HN    120.245      8.517     38979680 
        LYS64N-HN    117.104      7.975     47212160 
        MET65N-HN    115.926      7.659     41363764 
        VAL66N-HN    107.639      8.122     21202844 
        GLU67N-HN    120.875      8.693     25909892 
        ASN68N-HN    113.311      7.381     49489176 
        ALA69N-HN    121.083      6.667     35432824 
        LYS70N-HN    125.645     10.073     40921280 
        LYS71N-HN    121.832      9.012     41111888 
        ILE72N-HN    128.884      8.956     40734324 
        GLU73N-HN    123.245      8.758     46383376 
        VAL74N-HN    115.563      9.604     23403532 
        GLU75N-HN    125.830      8.871     25484696 
        PHE76N-HN    126.372      8.911     43546176 
        ASP77N-HN    123.308      9.436     46707720 
        LYS78N-HN    118.698     10.540     17678516 
        GLY79N-HN    111.889      8.178     42777236 
        GLN80N-HN    123.197      8.319    242357376 
        ARG81N-HN    123.681      8.704     43241696 
        THR82N-HN    105.468      7.298     33221674 
        ASP83N-HN    120.551      8.597     41863280 
        TYR85N-HN    118.974      7.943    110227872 
        GLY86N-HN    108.353      8.123     83562400 
        ARG87N-HN    121.592      8.557    122381152 
        GLY88N-HN    108.617      8.686     50401200 
        LEU89N-HN    126.832      8.480     52355988 
        ALA90N-HN    120.734      7.538     21923060 
        TYR91N-HN    122.894      9.099     30049836 
        ILE92N-HN    121.648      7.989     50257968 
        TYR93N-HN    125.515      9.537     32508760 
        ALA94N-HN    125.867      9.269     46316928 
        ASP95N-HN    127.398      9.720     71076048 
        GLY96N-HN    102.986      9.309     68394576 
        LYS97N-HN    121.324      7.821     67015448 
        MET98N-HN    126.726      9.338     82755968 
        VAL99N-HN    135.659     10.052     29250424 
       ASN100N-HN    108.762      9.689     61655780 
       GLU101N-HN    113.231      6.086     49336080 
       VAL104N-HN    116.453      6.841     57369920 
       ARG105N-HN    122.621      9.140     54585548 
       GLN106N-HN    112.671      7.183     95476800 
       GLY107N-HN    107.102      8.111     78576056 
       LEU108N-HN    115.038      7.696     52620640 
       ALA109N-HN    112.535      6.934    114133216 
       LYS110N-HN    118.194      7.919     53206716 
       VAL111N-HN    122.236      9.053    115477072 
       ALA112N-HN    105.726      7.774     55538988 
       VAL114N-HN    124.064      7.772     45420536 
       LYS116N-HN    124.066      8.609     47393264 
       GLY117N-HN    110.438      8.595     16016999 
       ASN119N-HN    116.664      7.707     31070162 
       THR120N-HN    123.786     10.420     16935504 
       HIS121N-HN    113.212      6.789     29987484 
       GLU122N-HN    120.417      7.439     84905496 
       GLN123N-HN    117.439      8.904     79927016 
       LEU124N-HN    122.095      7.933    115735256 
       ARG126N-HN    119.782      9.004     73522512 
       LYS127N-HN    122.037      8.150    130793424 
       ALA128N-HN    122.998      7.360     62728624 
       ALA130N-HN    119.354      8.006     92827056 
       GLN131N-HN    118.407      7.528     98198864 
       ALA132N-HN    123.082      8.013     99155192 
       LYS133N-HN    117.111      8.197    124437760 
       LYS134N-HN    122.280      7.772    108044208 
       GLU135N-HN    116.279      7.644    124121584 
       LYS136N-HN    116.988      7.813    129589840 
       LEU137N-HN    117.072      7.643    110937584 
       ASN138N-HN    118.750      9.079    139008288 
       ILE139N-HN    124.577      8.318    131452800 
       TRP140N-HN    119.580      7.808     92905600 
       SER141N-HN    116.289      8.092    104657648 
       GLU142N-HN    121.174      7.986    209372032 
       ASP143N-HN    121.430      8.378    420323264 
       ASN144N-HN    119.392      8.432    420352576 
       ALA145N-HN    124.031      8.262    574106368 
       ASP146N-HN    119.050      8.359    588689408 
       SER147N-HN    116.360      8.242    500098944 
       GLY148N-HN    111.210      8.483    586348224 
       GLN149N-HN    124.658      7.858    798172992 
