      Assignment         w1         w2   Data Height 

         THR4N-HN    116.803      8.295    120607464 
         LYS5N-HN    124.030      8.335    265146368 
         LYS6N-HN    122.795      8.254    144081344 
         LEU7N-HN    122.105      8.414    238309024 
         HIS8N-HN    118.725      8.862     21077394 
         LYS9N-HN    124.031      8.427    161807808 
        GLU10N-HN    123.191      9.488     36206680 
        ALA12N-HN    119.432      7.898     27020026 
        THR13N-HN    109.794      8.186    170078032 
        LEU14N-HN    125.876      9.165     24273496 
        ILE15N-HN    124.916      8.734     13047672 
        LYS16N-HN    115.085      8.024     14111493 
        ALA17N-HN    130.277      9.534     16017739 
        ILE18N-HN    124.322      8.152    186349008 
        ASP19N-HN    119.720      8.217     24312808 
        GLY20N-HN    103.812      8.511     13659811 
        ASP21N-HN    111.207      7.741      9907184 
        THR22N-HN    114.792      7.603     25073300 
        VAL23N-HN    121.155      8.953     19305458 
        LYS24N-HN    128.213      9.473     16045262 
        LYS25N-HN    126.202      9.575     20314160 
        MET26N-HN    120.684      9.415     16697884 
        TYR27N-HN    128.486      9.137     18337828 
        GLY29N-HN    102.471      8.479     22591430 
        GLN30N-HN    118.950      7.782     57985780 
        MET32N-HN    125.685      9.694     19587476 
        THR33N-HN    123.757      8.963     18038330 
        PHE34N-HN    125.333      9.416     14233415 
        ARG35N-HN    122.780      9.492     26041792 
        LEU36N-HN    123.283      8.424     36354612 
        LEU37N-HN    124.401      7.754     16664296 
        LEU38N-HN    112.587      8.300     42796776 
        VAL39N-HN    108.758      7.006     39137024 
        ASP40N-HN    122.725      8.917     18677056 
        THR41N-HN    118.743      8.509     28684256 
        GLU43N-HN    122.137      8.781     24261540 
        PHE50N-HN    120.240      8.907     46368212 
        ASN51N-HN    110.274      7.888     31875332 
        LYS53N-HN    124.758      8.544    127180320 
        TYR54N-HN    116.222      8.633     67301672 
        GLY55N-HN    109.512      8.683     52171384 
        GLU57N-HN    120.704      9.062     36102088 
        ALA58N-HN    124.844      8.990     41548284 
        SER59N-HN    111.450      8.170     27621404 
        ALA60N-HN    122.233      8.465     78943488 
        PHE61N-HN    121.592      8.214     95400000 
        THR62N-HN    120.242      8.515     34041432 
        LYS64N-HN    117.102      7.974     45133280 
        MET65N-HN    115.925      7.659     34892584 
        VAL66N-HN    107.630      8.122     14224688 
        GLU67N-HN    120.880      8.693     15546100 
        ASN68N-HN    113.314      7.381     47813464 
        ALA69N-HN    121.076      6.667     23519576 
        LYS70N-HN    125.638     10.072     21727262 
        LYS71N-HN    121.828      9.012     36765176 
        ILE72N-HN    128.880      8.956     24101776 
        GLU73N-HN    123.240      8.758     33302188 
        VAL74N-HN    115.559      9.605     14984516 
        GLU75N-HN    125.829      8.869     15042627 
        PHE76N-HN    126.374      8.911     29203896 
        ASP77N-HN    123.307      9.437     36864100 
        LYS78N-HN    118.692     10.539     13388343 
        GLY79N-HN    111.887      8.178     27267818 
        GLN80N-HN    123.199      8.319    233141120 
        ARG81N-HN    123.683      8.704     31503098 
        THR82N-HN    105.467      7.297     22064096 
        ASP83N-HN    120.545      8.597     29228532 
        TYR85N-HN    118.975      7.943    109197888 
        GLY86N-HN    108.353      8.123     79540096 
        ARG87N-HN    121.591      8.557    121051376 
        GLY88N-HN    108.616      8.686     42740680 
        LEU89N-HN    126.832      8.480     43975312 
        ALA90N-HN    120.728      7.538     13209196 
        TYR91N-HN    122.898      9.099     18810380 
        ILE92N-HN    121.653      7.989     47100264 
        TYR93N-HN    125.513      9.537     28403278 
        ALA94N-HN    125.868      9.268     37570336 
        ASP95N-HN    127.395      9.720     67647024 
        GLY96N-HN    102.988      9.309     68293472 
        LYS97N-HN    121.324      7.820     60717328 
        MET98N-HN    126.726      9.338     79618472 
        VAL99N-HN    135.656     10.052     29820784 
       ASN100N-HN    108.760      9.689     59082472 
       GLU101N-HN    113.231      6.086     43614584 
       VAL104N-HN    116.456      6.841     56439388 
       ARG105N-HN    122.617      9.139     52313648 
       GLN106N-HN    112.671      7.183     94713568 
       GLY107N-HN    107.100      8.111     75540312 
       LEU108N-HN    115.040      7.696     50948248 
       ALA109N-HN    112.535      6.934    109498368 
       LYS110N-HN    118.194      7.919     52519932 
       VAL111N-HN    122.236      9.053    112163792 
       ALA112N-HN    105.726      7.774     54800516 
       VAL114N-HN    124.067      7.772     37414692 
       LYS116N-HN    124.073      8.609     40356316 
       GLY117N-HN    110.427      8.594     14556390 
       ASN119N-HN    116.661      7.707     25940800 
       THR120N-HN    123.792     10.421     11117530 
       HIS121N-HN    113.212      6.790     23891236 
       GLU122N-HN    120.417      7.439     82777152 
       GLN123N-HN    117.436      8.904     80210544 
       LEU124N-HN    122.094      7.933    112118992 
       ARG126N-HN    119.782      9.003     72136520 
       LYS127N-HN    122.035      8.151    125425536 
       ALA128N-HN    122.998      7.359     61003836 
       ALA130N-HN    119.354      8.006     94813776 
       GLN131N-HN    118.408      7.528     97012048 
       ALA132N-HN    123.082      8.013     97301888 
       LYS133N-HN    117.111      8.198    122979976 
       LYS134N-HN    122.280      7.772    106231872 
       GLU135N-HN    116.279      7.644    123520392 
       LYS136N-HN    116.988      7.813    130653104 
       LEU137N-HN    117.072      7.643    110373552 
       ASN138N-HN    118.743      9.079    137586592 
       ILE139N-HN    124.579      8.317    122682000 
       TRP140N-HN    119.579      7.808     86520320 
       SER141N-HN    116.288      8.091    105128648 
       GLU142N-HN    121.174      7.986    208359360 
       ASP143N-HN    121.430      8.378    415566400 
       ASN144N-HN    119.392      8.431    417934912 
       ALA145N-HN    124.031      8.262    566398208 
       ASP146N-HN    119.050      8.359    589808640 
       SER147N-HN    116.360      8.242    500249792 
       GLY148N-HN    111.210      8.483    583266688 
       GLN149N-HN    124.658      7.858    795943680 
